113
1 28
1 29
2 28
2 29
11 28
11 29
11 30
12 27
12 31
13 26
14 26
13 32
14 32
15 29
16 27
16 31
17 29
17 28
17 30
18 29
21 28
21 27
21 26
22 28
22 27
22 26
23 29
23 25
25 25
25 24
25 29
25 30
35 26
35 27
36 26
36 27 
30 8
31 8
32 8
30 11
31 11
32 11
30 16
31 16
32 16
30 19
31 19
32 19
29 9
29 10
33 9
33 10
29 17
29 18
33 17
33 18
24 3
24 4
24 2
2 4
2 5
2 6
2 10
2 11
2 12
7 4
7 5
7 6
7 10
7 11
7 12
9 4
9 5
9 6
9 10
9 11
9 12
14 4
14 5
14 6
14 10
14 11
14 12
4 2
5 2
6 2
10 2
11 2
12 2
4 7
5 7
6 7
10 7
11 7
12 7
4 9
5 9
6 9
10 9
11 9
12 9
4 14
5 14
6 14
10 14
11 14
12 14
17 2
17 3
18 2
20 5
20 4
19 5
